Bin start S (Jy)
7.00 5.00 3.50 2.50 2.00 1.60 1.25 1.00 0.800 0.680 0.580 0.480 0.400 0.320 0.250 0.200 0.160 0.125 0.101 0.085 0.071 0.060 0.050 0.042 0.036 0.030
Bin end S (Jy)
10.00 7.00 5.00 3.50 2.50 2.00 1.60 1.25 1.000 0.800 0.680 0.580 0.480 0.400 0.320 0.250 0.200 0.160 0.125 0.101 0.085 0.071 0.060 0.050 0.042 0.036
Bin centre S (Jy)
8.12 5.92 4.15 2.96 2.21 1.78 1.40 1.11 0.892 0.735 0.628 0.524 0.437 0.357 0.284 0.223 0.180 0.141 0.112 0.0925 0.0777 0.0652 0.0548 0.0458 0.0390 0.0331
Number of sources
8 14 32 49 37 58 119 140 143 137 164 201 252 390 482 567 621 793 829 795 833 916 1141 1129 1090 1284
Correction factor
1 ± 0 1  ± 0 1  ± 0 1 ± 0 1 ± 0 1 ± 0 1.008 ± 0.011 1.010 ± 0.009 1.021 ± 0.008 1.031 ± 0.010 1.026 ± 0.008 1.029 ± 0.007 1.020 ± 0.007 1.030 ± 0.005 1.036 ± 0.005 1.042 ± 0.004 1.044 ± 0.004 1.056 ± 0.004 1.068 ± 0.004 1.078 ± 0.004 1.097 ± 0.004 1.104 ± 0.004 1.116 ± 0.004 1.114 ± 0.004 1.122 ± 0.004 1.210 ± 0.004
Euclidean normalized counts (Jy3/2 sr−1)
2884  ± 1428 3431 ± 1186 4315 ± 763 4269 ± 610 3101 ± 510 3506 ± 460 4599 ± 424 4211 ± 358 3157 ± 265 3135 ± 269 3032 ± 238 2366 ± 168 2342 ± 148 2198 ± 112 1764 ± 81 1597 ± 67 1275 ± 51 1024 ± 37 893 ± 31 803 ± 29 632 ± 22 574 ± 19 516 ± 15 407 ± 12 352 ± 11 297 ± 8
  
